0.55149746
0.6004383
0.61796933
0.6384222
0.633309
0.5580716
0.54565376
0.5792549
0.6296567
0.63915265
0.6559532
0.63257855
0.65230095
0.60262966
0.5960555
0.5726808
0.58802044
0.5975164
0.6420745
0.64499635
0.6128561
0.62819576
0.6406136
0.63184804
0.6486486
0.61504745
0.6566837
0.6274653
0.6384222
0.65376186
0.6311176
0.6274653
0.64499635
0.6398831
0.633309
0.6420745
0.6186998
0.6230825
0.6588751
0.66471875
0.64791816
0.66471875
0.6486486
0.6406136
0.6413441
0.6530314
0.64791816
0.6420745
0.6501096
0.6866326
